    NACA 2412
  1.000000  -0.000000
  0.995048   0.001055
  0.990094   0.002102
  0.985140   0.003142
  0.980185   0.004175
  0.975228   0.005200
  0.970270   0.006219
  0.965312   0.007230
  0.960352   0.008234
  0.955391   0.009231
  0.950429   0.010221
  0.945467   0.011204
  0.940503   0.012179
  0.935538   0.013148
  0.930572   0.014111
  0.925605   0.015066
  0.920638   0.016014
  0.915669   0.016956
  0.910699   0.017891
  0.905729   0.018819
  0.900757   0.019741
  0.895785   0.020655
  0.890811   0.021564
  0.885837   0.022465
  0.880862   0.023360
  0.875886   0.024249
  0.870909   0.025130
  0.865931   0.026006
  0.860952   0.026875
  0.855973   0.027737
  0.850992   0.028593
  0.846011   0.029443
  0.841029   0.030286
  0.836046   0.031122
  0.831062   0.031953
  0.826077   0.032777
  0.821092   0.033594
  0.816105   0.034405
  0.811118   0.035210
  0.806130   0.036009
  0.801142   0.036801
  0.796152   0.037587
  0.791162   0.038366
  0.786171   0.039139
  0.781179   0.039906
  0.776187   0.040667
  0.771193   0.041421
  0.766199   0.042169
  0.761204   0.042911
  0.756209   0.043646
  0.751213   0.044375
  0.746216   0.045098
  0.741218   0.045814
  0.736219   0.046524
  0.731220   0.047228
  0.726220   0.047925
  0.721220   0.048616
  0.716218   0.049301
  0.711217   0.049979
  0.706214   0.050651
  0.701211   0.051316
  0.696207   0.051975
  0.691202   0.052628
  0.686197   0.053274
  0.681191   0.053913
  0.676184   0.054546
  0.671177   0.055172
  0.666169   0.055792
  0.661160   0.056406
  0.656151   0.057012
  0.651141   0.057612
  0.646131   0.058205
  0.641120   0.058792
  0.636108   0.059371
  0.631096   0.059944
  0.626083   0.060510
  0.621070   0.061070
  0.616056   0.061622
  0.611041   0.062167
  0.606026   0.062706
  0.601010   0.063237
  0.595994   0.063761
  0.590977   0.064278
  0.585960   0.064788
  0.580942   0.065291
  0.575923   0.065786
  0.570904   0.066274
  0.565885   0.066755
  0.560865   0.067228
  0.555844   0.067694
  0.550823   0.068152
  0.545802   0.068603
  0.540780   0.069045
  0.535757   0.069481
  0.530734   0.069908
  0.525711   0.070327
  0.520687   0.070738
  0.515663   0.071142
  0.510638   0.071537
  0.505613   0.071924
  0.500587   0.072303
  0.495561   0.072673
  0.490535   0.073035
  0.485508   0.073388
  0.480481   0.073733
  0.475453   0.074069
  0.470425   0.074397
  0.465397   0.074715
  0.460368   0.075024
  0.455339   0.075325
  0.450310   0.075616
  0.445280   0.075898
  0.440250   0.076170
  0.435220   0.076433
  0.430189   0.076687
  0.425158   0.076930
  0.420127   0.077164
  0.415096   0.077388
  0.410064   0.077601
  0.405032   0.077805
  0.400000   0.077998
  0.394927   0.078179
  0.389854   0.078345
  0.384781   0.078498
  0.379707   0.078635
  0.374632   0.078759
  0.369558   0.078867
  0.364483   0.078961
  0.359408   0.079039
  0.354332   0.079102
  0.349257   0.079150
  0.344181   0.079182
  0.339105   0.079199
  0.334029   0.079199
  0.328954   0.079183
  0.323878   0.079151
  0.318802   0.079103
  0.313726   0.079037
  0.308651   0.078955
  0.303575   0.078855
  0.298500   0.078738
  0.293425   0.078604
  0.288351   0.078451
  0.283277   0.078280
  0.278203   0.078091
  0.273130   0.077883
  0.268058   0.077656
  0.262986   0.077410
  0.257914   0.077145
  0.252844   0.076859
  0.247774   0.076553
  0.242705   0.076227
  0.237637   0.075880
  0.232570   0.075511
  0.227504   0.075121
  0.222439   0.074709
  0.217375   0.074274
  0.212313   0.073817
  0.207252   0.073336
  0.202193   0.072831
  0.197135   0.072302
  0.192079   0.071748
  0.187024   0.071168
  0.181972   0.070563
  0.176921   0.069930
  0.171873   0.069271
  0.166826   0.068583
  0.161782   0.067866
  0.156741   0.067120
  0.151702   0.066343
  0.146666   0.065534
  0.141633   0.064693
  0.136603   0.063819
  0.131576   0.062910
  0.126552   0.061964
  0.121533   0.060982
  0.116517   0.059960
  0.111505   0.058897
  0.106498   0.057792
  0.101495   0.056643
  0.096498   0.055446
  0.091506   0.054201
  0.086519   0.052902
  0.081539   0.051548
  0.076565   0.050135
  0.071599   0.048658
  0.066640   0.047112
  0.061690   0.045491
  0.056750   0.043788
  0.051820   0.041994
  0.046901   0.040099
  0.041996   0.038089
  0.037107   0.035947
  0.032235   0.033651
  0.027384   0.031168
  0.022559   0.028455
  0.017768   0.025442
  0.013023   0.022014
  0.008347   0.017944
  0.003800   0.012651
  0.000000   0.000000
  0.006200  -0.011657
  0.011653  -0.015969
  0.016977  -0.019070
  0.022232  -0.021542
  0.027441  -0.023611
  0.032616  -0.025393
  0.037765  -0.026957
  0.042893  -0.028347
  0.048004  -0.029595
  0.053099  -0.030724
  0.058180  -0.031750
  0.063250  -0.032688
  0.068310  -0.033547
  0.073360  -0.034337
  0.078401  -0.035064
  0.083435  -0.035735
  0.088461  -0.036355
  0.093481  -0.036927
  0.098494  -0.037457
  0.103502  -0.037946
  0.108505  -0.038399
  0.113502  -0.038817
  0.118495  -0.039204
  0.123483  -0.039560
  0.128467  -0.039888
  0.133448  -0.040189
  0.138424  -0.040466
  0.143397  -0.040719
  0.148367  -0.040950
  0.153334  -0.041159
  0.158298  -0.041349
  0.163259  -0.041520
  0.168218  -0.041672
  0.173174  -0.041808
  0.178127  -0.041927
  0.183079  -0.042030
  0.188028  -0.042119
  0.192976  -0.042193
  0.197921  -0.042254
  0.202865  -0.042302
  0.207807  -0.042337
  0.212748  -0.042361
  0.217687  -0.042373
  0.222625  -0.042374
  0.227561  -0.042365
  0.232496  -0.042346
  0.237430  -0.042318
  0.242363  -0.042280
  0.247295  -0.042233
  0.252226  -0.042178
  0.257156  -0.042115
  0.262086  -0.042045
  0.267014  -0.041967
  0.271942  -0.041881
  0.276870  -0.041789
  0.281797  -0.041691
  0.286723  -0.041587
  0.291649  -0.041476
  0.296575  -0.041360
  0.301500  -0.041238
  0.306425  -0.041112
  0.311349  -0.040980
  0.316274  -0.040844
  0.321198  -0.040703
  0.326122  -0.040558
  0.331046  -0.040408
  0.335971  -0.040255
  0.340895  -0.040099
  0.345819  -0.039939
  0.350743  -0.039775
  0.355668  -0.039609
  0.360592  -0.039439
  0.365517  -0.039267
  0.370442  -0.039092
  0.375368  -0.038915
  0.380293  -0.038735
  0.385219  -0.038554
  0.390146  -0.038370
  0.395073  -0.038185
  0.400000  -0.037998
  0.404968  -0.037808
  0.409936  -0.037612
  0.414904  -0.037413
  0.419873  -0.037208
  0.424842  -0.037000
  0.429811  -0.036787
  0.434780  -0.036569
  0.439750  -0.036348
  0.444720  -0.036123
  0.449690  -0.035894
  0.454661  -0.035661
  0.459632  -0.035424
  0.464603  -0.035184
  0.469575  -0.034941
  0.474547  -0.034694
  0.479519  -0.034444
  0.484492  -0.034191
  0.489465  -0.033935
  0.494439  -0.033676
  0.499413  -0.033414
  0.504387  -0.033149
  0.509362  -0.032881
  0.514337  -0.032611
  0.519313  -0.032338
  0.524289  -0.032063
  0.529266  -0.031786
  0.534243  -0.031506
  0.539220  -0.031223
  0.544198  -0.030939
  0.549177  -0.030652
  0.554156  -0.030363
  0.559135  -0.030073
  0.564115  -0.029780
  0.569096  -0.029485
  0.574077  -0.029189
  0.579058  -0.028891
  0.584040  -0.028591
  0.589023  -0.028289
  0.594006  -0.027986
  0.598990  -0.027681
  0.603974  -0.027375
  0.608959  -0.027067
  0.613944  -0.026758
  0.618930  -0.026447
  0.623917  -0.026135
  0.628904  -0.025822
  0.633892  -0.025507
  0.638880  -0.025192
  0.643869  -0.024875
  0.648859  -0.024556
  0.653849  -0.024237
  0.658840  -0.023917
  0.663831  -0.023595
  0.668823  -0.023272
  0.673816  -0.022949
  0.678809  -0.022624
  0.683803  -0.022299
  0.688798  -0.021972
  0.693793  -0.021645
  0.698789  -0.021316
  0.703786  -0.020987
  0.708783  -0.020657
  0.713782  -0.020326
  0.718780  -0.019994
  0.723780  -0.019662
  0.728780  -0.019328
  0.733781  -0.018994
  0.738782  -0.018659
  0.743784  -0.018323
  0.748787  -0.017986
  0.753791  -0.017649
  0.758796  -0.017311
  0.763801  -0.016972
  0.768807  -0.016632
  0.773813  -0.016292
  0.778821  -0.015951
  0.783829  -0.015609
  0.788838  -0.015266
  0.793848  -0.014923
  0.798858  -0.014579
  0.803870  -0.014234
  0.808882  -0.013888
  0.813895  -0.013541
  0.818908  -0.013194
  0.823923  -0.012846
  0.828938  -0.012497
  0.833954  -0.012147
  0.838971  -0.011797
  0.843989  -0.011445
  0.849008  -0.011093
  0.854027  -0.010740
  0.859048  -0.010386
  0.864069  -0.010031
  0.869091  -0.009675
  0.874114  -0.009318
  0.879138  -0.008960
  0.884163  -0.008601
  0.889189  -0.008241
  0.894215  -0.007880
  0.899243  -0.007518
  0.904271  -0.007155
  0.909301  -0.006791
  0.914331  -0.006425
  0.919362  -0.006059
  0.924395  -0.005691
  0.929428  -0.005322
  0.934462  -0.004951
  0.939497  -0.004579
  0.944533  -0.004206
  0.949571  -0.003832
  0.954609  -0.003456
  0.959648  -0.003078
  0.964688  -0.002699
  0.969730  -0.002319
  0.974772  -0.001937
  0.979815  -0.001553
  0.984860  -0.001167
  0.989906  -0.000780
  0.994952  -0.000391
  1.000000   0.000000
